#This is automatically generated by CrazyGolf. Manual modification may cause problems
#Mon Jun 13 17:56:54 CEST 2022
muk=0.08
muks=0.25
heightProfile=0.1
mus=0.2
r=0.15
walls=(-6.000000,-2.000000,9.000000,1.000000);(2.000000,-1.000000,1.000000,4.000000);(-6.000000,3.000000,9.000000,1.000000);(-11.000000,-3.000000,1.000000,13.000000);(-11.000000,9.000000,14.000000,1.000000);(3.000000,9.000000,5.000000,1.000000);(7.000000,-6.000000,1.000000,16.000000);(-11.000000,-10.000000,1.000000,7.000000);(-10.000000,-10.000000,13.000000,1.000000);
y0=0.5
x0=0.5
yt=10.0
muss=0.3
xt=10.0
sandPitY=-101.000000<y<-100.000000
sandPitX=-101.000000<x<-100.000000
